2.8124294910007093
2.705116713433486
2.5624324377110197
2.225736558501154
2.1758726332911187
2.3839661546562354
2.613456495398164
2.6515617105915577
2.6389111376177476
3.011052637291769
2.569274290162498
2.4472874258452713
2.8361238238344098
2.826903807316166
3.0119945779147566
2.3387120820851144
2.519871451597037
2.8890117067934065
2.4380133452643404
2.6973131432507027
2.699717312563423
2.9466722966285994
2.6813446427288694
2.9252467671658313
2.6415478581573266
3.1101017362144363
2.774407706680667
2.824492438805507
2.3620288565404612
2.9239416367353313
2.8691765282712556
2.421571859064808
2.2855636421644334
2.535384288870289
2.3894749967102378
3.1523833472723157
2.825450153200536
2.7888284258963285
2.4385994745892874
2.435328358480754
2.6720456773632066
2.212536813499462
2.8305385549600013
2.6501490104032137
2.871946616906784
2.818533210560633
3.099084665447635
3.0176355991884405
2.823255308513624
2.7172135360462573
2.7294050768214397
2.5146222085591825
2.9222791315136742
2.8391989214036677
2.619676914633597
2.764022654849565
2.8185274537112854
2.8257659365319374
2.6808511895479947
3.0908717287045
3.0106445927684566
3.213882395044302
2.813494141125368
2.47632472457711
3.275957131043857
2.262843935948705
2.813506206589993
2.7700033181936115
2.9561080128150072
2.859001854344987
2.8420138932438532
2.9615687341097847
2.3761841680088995
3.0332773468545686
2.5504433453700486
3.059062980550659
2.466481582891687
2.7315627162724496
2.8274839419329894
2.468346799563802
2.8136523859227323
2.830710252997236
2.705903053273196
2.899630973392445
2.752796302498698
2.6118341151116606
2.872849673594019
2.5875839892335946
3.025680668921049
2.482059558540829
2.785831613762461
2.900922373715991
2.6697030119370457
2.9561080128150072
2.859001854344987
2.8420138932438532
2.9615687341097847
2.3761841680088995
3.0332773468545686
2.5504433453700486
3.059062980550659
2.466481582891687
2.7315627162724496
2.8274839419329894
2.468346799563802
2.8136523859227323
2.830710252997236
2.705903053273196
2.899630973392445
2.752796302498698
2.6118341151116606
2.872849673594019
2.5875839892335946
3.025680668921049
2.482059558540829
2.785831613762461
2.900922373715991
2.6697030119370457
2.4656254056153664
2.984977235715572
2.7477984670058553
2.4931787626305724
2.527415148932044
2.8762656731449927
2.680368479363815
2.645068995236304
3.0814911059478214
2.833253477886492
2.5572291802586338
2.8335663000896236
2.3867268063800906
2.8630170006930906
2.7686703941311297
2.309719760035913
2.6031975315645766
2.4734426483726075
2.7939712587818257
2.849766397100586
2.548076582649383
2.657675076684585
2.245436487432393
2.888750482276786
2.980297955670258
2.924588926675857
2.6335594723815587
2.396943326029665
2.938813650639192
2.317572455375217
2.5207390024865766
2.4482852660342354
2.7141233001443
2.641232401310578
3.007836696212406
2.6631228989164772
2.958776056536835
2.7351566693128166
3.3674499382165783
2.9496638230882093
2.675314076232172
2.5717399701152344
2.386217912035491
2.6384057808722394
2.6282414437129074
2.7847004817544896
2.4682091262723773
2.488730620740308
2.885923548860046
2.5103937538017864
2.452818998225725
2.7633717282840236
2.54825846711698
2.938746712642192
2.7155827783074162
2.6932173640558927
2.9352685761306487
3.0315473447619024
2.3429908323529225
2.850468502155185
2.542487623339294
2.293518162032401
2.940257133982048
2.647535266282477
2.7086543098317564
3.1630479126862263
2.7282677876072365
2.3399096298438864
3.0466094406382216
2.602707117841886
2.627249118444473
2.6845771589742338
3.2899072264786997
2.3555539508356973
3.1503262949971518
2.533643175248643
2.6008553134478913
3.011535904770841
2.502506457539885
2.9238155781971296
2.792313918052419
2.912677483940501
2.5047367106591456
3.263935229608003
2.6984315685457934
2.8665657225292067
2.6747845987656094
2.4480319868241285
2.844446358876181
2.691262691768297
2.760290658792949
3.0516854806831777
2.403307029118414
2.7676983025145567
2.729786258300841
2.734783339148762
2.3874357555149652
2.701427621036348
2.5460943193632573
2.409871373575776
2.81840082518618
2.642668331879623
2.7528248269598885
2.5653418836944137
2.88679683119621
3.014808153418683
3.0136011339632933
2.4877111870691966
2.8433439755252525
2.8348962462513514
2.842984017623544
2.821082882596755
2.745586946989478
2.912224310277291
2.7898239378740977
3.0794950613038474
2.429733817837283
2.6847860828409735
2.6006426833926324
2.4799454855911076
2.292569621716112
2.812329679079247
2.7309295387748165
2.840650194575403
2.798406656200502
2.8152082978489106
3.0713725694995544
2.9887638162940178
2.6678975913070784
2.5603449957742224
2.9992130682781526
2.466146288155847
2.7514431345334884
2.7973415465716167
2.807821556844859
3.3328244989066653
2.445951666148456
2.947906189054117
3.1679546286750986
2.9232186180262953
2.6935960973896487
2.58068192556096
2.911099925714516
2.7004764413092994
2.9259339080549003
3.0128453284764047
3.074376541975696
2.865130233164671
3.0530731703009515
2.6790049401834803
2.60162545770811
2.8485478407418308
2.931031988060565
2.3263852790341764
2.900605205207407
3.0517843729685543
2.662151106626355
2.486362942867432
3.052882091389354
2.6700860757264553
2.55922996935373
2.613838107553124
3.229818546604032
3.0062118107549543
2.8529988149707823
2.8820219684668333
2.6688123158748147
2.45016279509516
2.747729142811199
2.8837967707044183
2.831060573022321
2.4557163596355798
2.6599311137493014
2.3755079850964225
2.9561087090827867
2.5746549978118902
3.102445165694996
2.787629200124383
2.9483689531386306
2.5416139296065183
2.8750630446230097
2.532021193003355
2.6878579250195354
2.8560059659919226
2.803849773583925
2.808261661662115
2.9618119959899443
3.0988788177054354
2.7187211886169576
2.454052268616578
2.816302335379697
2.725341060296513
2.513810664909272
2.7154350964652036
2.8433044406849417
2.6780343689708874
2.7612453398869494
2.9576780424017373
2.593355234412819
2.8415505118406745
3.093702368360789
2.4203251722230714
2.7367979744549893
2.8616858978211095
2.5397934515538245
2.760078340923153
2.5668070598311195
2.2552523152154813
2.8875102711297336
2.97953101846072
2.597092235130739
2.829349136488216
2.833071881672627
2.369724502075269
2.5973048773578293
2.552966434822453
2.6386042160082277
2.507588458130726
2.6098646332444315
2.640494730556151
2.791314636153539
2.874338167232321
2.570766147140332
2.7182984783994595
2.1962767986974954
3.0856712118940264
2.745956435439673
2.3821608542461195
2.448256759508808
2.9975200962898025
2.5934227278641564
2.9680317050675322
2.5090027765453833
2.1492510459035166
2.146571952339769
2.773859293740854
2.764622018616466
2.8667129269506204
2.932874932516399
2.6096731772139505
3.086140779064647
2.8252276580846196
2.7757049140815635
2.4800955535750884
2.8714072918833193
2.508227251252049
2.3848499401190684
2.8902198247193596
2.742071125972288
2.260717115318575
2.7695586493276902
2.567146620067996
2.8282942928672026
2.357590968435252
2.600301665432025
2.8212185729805173
2.51980179975546
2.8654879739250134
2.759873420716591
2.571949465885615
2.6696915480280428
2.800196474015323
2.798967286157382
2.339208630314641
2.4282241055223106
2.9837747390751015
2.7499384613202755
2.7349150879343034
2.7612941260957857
2.790805064677725
2.850868707269007
2.759529075654066
2.672554119282863
2.669836915547874
2.5397635630642665
2.817163906266833
2.4387938034794967
2.542120746374666
2.5528280687531364
2.4525230553354294
2.733357642424134
2.7497632621291577
2.6866374351855287
2.6154038002253066
3.023278813699217
2.8797595722856624
2.602093903031066
3.019155179331203
3.0455324693797445
2.7456092215311383
2.626726714293248
2.795440266288819
2.9904169828276403
2.513702461117699
3.023937924980192
2.9632227647413023
2.7431504804267943
2.3716576053333034
2.3654386480058456
2.6009701407398613
3.168135785196504
3.034364711082837
2.3151288642989467
2.606908349026408
2.2440814182866164
3.2301295924222737
2.7027460628669138
2.8578513252797375
2.5420000050533114
2.908403762187598
2.833099904110902
2.1276412713062043
2.786176447782701
2.590879409184306
2.691173409689746
2.6708273282259443
2.6760841629203056
2.697947735636852
2.26167915277222
2.890326059670826
2.5783432749220654
2.7494674272974517
3.0479644649763022
2.8662506435696686
2.710728698690081
2.3939956011382715
2.7483019308519983
2.775439040873778
3.2229122874557548
2.6108962910792934
2.8147024465603168
2.6431256796121114
2.55978155351455
2.796213824044655
2.551096609499777
2.4203291103945404
3.009380910767729
2.9384585990337
2.4210025982956735
2.781905980337528
2.9636828361428216
2.3313993614494306
2.666344166717654
2.535682392546638
2.8823364506754796
2.5078288028213134
2.747252954959429
3.005302427869472
2.7154739960360446
2.847058095902085
3.126368927021233
2.721457224248626
2.586360172870994
2.8506879222935897
2.7247078698576974
2.3190293718917743
2.9303506525622787
2.858039050368847
2.943391999742414
3.0135198897821733
2.5005260666265317
2.7214410155111506
2.7709970078589574
2.5777732539780103
2.63409953667168
2.8303122411278125
2.5597236364997165
2.6755884904488867
2.956590187577102
2.82401407655477
2.877593018398795
3.1970847649943956
2.9279250735496403
2.5323910111905077
2.462661274211182
2.7941137090512265
2.601075997130578
2.5844019712716264
2.7636733860390414
2.681439327123948
3.04145766667608
2.916563629650572
2.600980490056286
2.633418912820586
2.4440543442897154
2.7042496753046104
2.6710676130427813
2.586170570130837
2.5900490660489535
2.309334394662955
2.890863395042893
2.7033862275327367
2.514290413871106
2.8244892980888103
2.4883969529866508
3.1405739875314462
2.7445293759805702
2.902810322694946
3.0932124889738684
2.994738076880188
2.8975418331923533
2.271175989521507
2.4737886924280814
2.8126232489813585
2.425384181348331
2.688086840835303
2.9435815704922117
2.4020364839997166
2.7422600019298
2.566542667938232
2.575677248099066
2.3549177227553777
2.474423509759845
2.456672321423143
2.5971675871528523
2.438958098819244
3.1685139002402702
2.933491820622995
2.638346901706002
2.851419836343102
2.8517550244698704
3.118659283609154
2.4584830222112823
2.4329676846679638
2.713714854004224
3.348857376645171
2.7053293184641354
3.0895801042535678
2.417632293950482
2.7281851942472364
2.3124655203059765
2.4377832774436192
2.829679008162833
2.535278813410556
2.9301003606696416
2.9542856166252593
2.5387302387571964
2.3995626382156874
2.6079570297168546
2.677839334357737
2.6155715567892215
2.4954149980022238
2.638387621879219
2.7104993194017357
3.0166278554662793
2.7882439223057123
2.722780716281014
2.823068370093307
2.8722668083948832
3.224828159785975
2.5273146323271596
2.3635186517590268
2.707224482430846
2.9081599787019026
2.431239809309247
2.880835909646454
3.0644899001461643
2.7874066249551017
2.6077592301880084
2.3998243660697587
2.722880255727252
2.5793263468169543
2.573581469178049
2.4149577594651226
2.7522409878752736
2.7116661017755996
2.5563652597040085
2.2184520463775113
2.7445970948135088
2.279499330623315
2.7275481382016564
2.9862011706070937
2.874372912333232
2.4842310993206933
2.7758896262979778
2.614028502428071
2.5500888501608965
3.0444514755594585
2.504588345588924
2.895689416114811
3.029427667241528
2.5161862800435415
2.6881453347222872
2.797772708655683
2.6726686034648734
2.283413242578818
2.979107824117607
2.417910669799997
2.6785879603760177
2.600630386818104
2.24351525878992
3.0276786948942314
2.7559764567356146
2.7330369803363492
2.790947935237453
2.7418527826271175
2.6456109770745555
2.223020666973493
2.214340690724177
2.9605835389601687
2.4645944255489804
2.948367679316005
2.807512206529396
2.8997935057344337
3.149390990530796
2.701863117545441
2.495073491589341
2.327091304071449
2.7678674138084856
3.1343949862441427
2.554956610382833
2.6648836038482053
2.9844188265955074
2.335374746688562
2.411701517432736
2.6773426765400883
2.814801756079496
2.7814767052207072
2.902196015908476
2.7894736393251875
2.681234455973933
3.074011091473953
3.3271298302990964
2.2735498720335916
2.7614124264622997
2.49571459787241
2.612593335418313
2.560200960399461
2.3262098030101526
2.6112158735345563
2.7779587238469015
2.6933986080115244
2.547439143445381
3.0217333355134173
2.7601238686902563
3.0802963037556217
2.566002987933503
2.8160893181239715
2.6160564570585962
3.109073826445877
2.8746888392251817
2.3628948397224057
3.1326647962591863
2.53141672318026
2.798384693629673
2.085229122888572
2.387353092646754
3.049174535985394
2.2493267747946577
2.465817454163905
2.8022120084738975
3.283646735069415
2.347267439163407
2.449409555219952
2.6384125987088582
2.3476957445494957
2.681477782059021
2.800722703233759
2.652190745149132
2.8201566056056615
2.3987782660276302
2.903575397611803
2.5940647009161015
2.553880413106308
2.8163305006684327
2.1575586413485857
2.5346339464543766
2.7339576989464436
2.7088567114891178
2.279220132805882
2.4621678906044715
3.0876591544101935
2.5281194359310573
2.6437865864597825
2.7325237297072436
2.5599509763577153
2.7222694605002222
3.01207467372903
2.6493215955702216
2.7334472237221243
2.196177175750183
3.0927069857897003
3.1901928523880847
2.995892408680152
2.7911734782385897
2.540698886618519
2.3843941734619745
2.9032787983800317
2.4845778548493973
2.7529653578702784
2.8433583813099146
2.8208666693665596
2.9592483807529746
2.4927723153836037
2.59446305032022
2.399504892093834
2.741337349893916
2.779507993215625
3.1901951282912364
2.9712566319966065
2.700795202074109
2.656859161886321
2.8742875460565753
2.8754078774617673
2.797699259815759
2.797508772333395
2.6424611148180874
2.584327018237629
2.579414993659819
3.225892050892873
2.6422094386752466
2.830430260532656
2.4589638082737677
2.4634104780405144
2.946937675418338
2.442437297355382
2.5943453377117587
2.7546211691234266
2.7482621981744133
2.696021255027758
2.3958045893999196
3.015615815936471
2.516546676423553
2.7456149400318397
2.5927798920715004
2.3050054037762155
2.6127233815867994
2.2545531550964246
2.390755413175772
2.2912842537716545
3.157584145834175
2.9234009043450415
2.9989818205370207
2.4611005397096593
2.939086756498658
2.7819808045564094
2.340459606252184
2.676456085540659
2.853038393278119
2.478730422405781
2.9585260180593576
2.9283537166442684
2.4840522391108077
2.5195201367246134
2.6775843626318374
2.42800395225089
2.572524213284053
2.433765304219587
2.502579473016097
2.586568165052193
2.5942674733019815
2.975830996774783
2.439876836056963
2.742623253226836
2.8113387492402024
2.5597589394641282
3.1066917907888905
2.3407843256056626
2.8323962786545294
2.613869664398436
2.3175399525870617
2.52108612071433
2.4832799696573185
2.9644742976613134
2.7171250155660758
2.7349396364819056
2.328261022911855
2.974694964652195
2.866382066837068
3.006630792118798
2.5654657410404806
2.6124779770757094
2.8895376241098925
3.1316424694845666
2.396999119377629
2.7929392243580162
2.508903366248021
2.780661365884293
2.586821669075184
2.900788057292429
2.592740092963539
2.7580487614385265
2.707339025250684
2.8010423404541513
2.619879130655391
3.165908437483915
2.3296359015869443
2.8356523673541707
2.5507100371062204
2.88660189778917
2.626717770588428
2.796842162351308
2.596696232058319
2.8682015746331126
3.0253225693836603
2.7886637269279637
2.8903790032601977
2.898984330500939
2.3867979897436533
2.7038030540845384
2.4108614179015904
2.5116740497678745
2.5840437975848762
2.808308400595329
2.432970238012779
2.9509947399941234
2.7264252697410387
2.622893978579358
2.603875351798025
2.719438951473383
2.8569758530251494
2.6428727030015926
2.762260214220387
2.80896436818404
2.489768499618784
2.957919011124126
2.7636029447390493
2.5713276310651323
2.885878960764515
3.0587406001998625
2.997237057816276
2.8112171076891936
2.8554734425812205
2.6705296419663727
2.887189042596388
2.2787189451702248
2.4189170833126865
2.695272696172053
2.849190754500639
2.7397484710672115
3.0187797174560655
3.0423286103278344
2.860404076123819
2.7141675910593643
3.053388481592925
2.3697135696083675
2.895180877258637
2.988492867738335
2.869632411158314
2.480263782643549
2.4270083759437355
2.7751788676862734
2.651405599337217
3.226081708940417
2.831414238390112
2.6108773204793643
2.8641776427531003
2.885920250310635
2.307619141959938
2.6995922025657837
2.6778429618594988
2.874856474226365
3.172403776687503
2.2630832357416724
2.454884999576001
2.5248807542126923
2.7233863708501955
2.759715073927202
2.4884156919740783
2.529679415637265
2.447012745671578
2.515872328628724
2.7034893742114923
2.2198579501477336
2.9746955035074807
3.0916506181921513
2.552969809109967
2.318916041052037
2.7177357920931886
2.382099719397285
2.391961363630838
2.9959452530293875
2.989835668720532
2.811719426658291
2.7476085304233573
2.71761841834326
2.434885968776015
2.319757725151168
2.4384624063915656
2.6114871953396364
2.582525357004052
2.8534753447899655
2.7136854487649336
2.8004124344563337
2.7932607233189755
2.3592021236122203
2.4304332501423955
2.8106095472053845
2.5434885247849817
3.090620844011196
3.1034334788569042
2.765213752382933
2.603297998784288
2.4434699981101393
2.4840563985011355
2.828107338610632
2.958582433665902
2.459836309958225
2.325955392484067
2.9326080784533923
2.6771373793022164
2.7199096976375614
2.597309862692744
2.986092453418009
2.829044952057826
2.477237817499186
2.628674106491857
2.8482946977866477
2.9259622562014598
2.3040196738079723
2.8706993437380994
2.423219899595383
2.6989185729447693
2.797647182223975
2.771932901783533
2.465933843096159
2.544335563460438
2.7930975831324725
2.7455348015784
2.831460311828939
2.930569340572244
2.8769497047273265
2.8390357472838703
2.8107703898792233
2.826300949156888
2.2943023970938574
2.6502581690841565
2.8872083999111027
2.7978029900232704
2.3142416177186735
2.512772912890134
2.7264183456916067
2.8083381661838787
2.79816754790685
2.53156906771881
2.2634854529058637
2.8847989954890374
2.7343504271770014
2.795237821031202
2.2699211833371358
2.3958229615550173
2.4159451330335657
2.43589949781857
2.538817304516482
2.865172316666882
2.9189822527965816
2.6434391036965987
2.7216034022643423
2.8306210309084507
2.5784008271218006
2.7153423620794843
2.195376485981673
2.7437079716061223
2.883564847556003
2.843057267466277
2.6873882829732465
3.0075682639004606
2.907810556699303
2.7672003254262627
3.001134054066318
2.4958336509520795
2.246905702689983
2.628541004417974
2.8715871063100824
2.44432746168316
2.581039584127407
2.563684558037711
3.167318715636107
2.5665744565743243
2.5918341454444156
2.4263945646458245
2.7581964359937263
2.933016886723321
2.9072658191569207
2.480866767738461
2.9539475073076034
2.5855821757312887
2.280793445816498
2.854801851981801
2.6901627090237383
2.5163693472224544
2.826439810602976
3.01027752028352
2.851238353802189
2.39721454933952
2.4123074267854947
3.2608813668288175
2.982782261687468
2.3899189162056684
2.8098142500312573
2.3989379912338964
2.703945384351015
2.429890838790503
2.554066414993015
2.720431074285488
2.6201354922367255
2.688259970821648
2.799135712665525
2.7733096172210905
2.6885018698837277
2.4866017945152357
3.1205914032167295
3.0904500861298967
2.3949433372511617
2.584548349316299
2.5366026893980758
2.6419946053927763
2.847233789186012
2.630744019064737
3.15067383255984
2.6241403922521562
2.550998859052298
2.4096951639827195
2.1871663868694355
2.724815712889777
2.567797565631017
2.5887624323938434
2.63811895321598
2.405308638281856
2.6428736574090284
3.0140444176629706
2.678425634128402
2.5988088040699324
2.575382527970513
2.8229960098203324
2.9886994315029702
2.7279650953098202
3.068087419211534
2.856993637792651
2.4931191102750434
3.2601143993984154
2.606849868847948
2.7497838458192594
2.619337521847716
2.655558309672363
2.8708709208572287
2.8337022970827626
2.909047184346065
3.189486170086531
2.7216929128470086
2.7954254752215113
2.345198817155188
2.481175262192898
3.1960864783900123
2.5224239902515917
3.1262573603943284
2.5260258752263396
3.297422804857748
2.4414668799269403
2.8149757124241543
2.762559132643749
2.990135949274537
2.6341940190280027
2.6837858195783615
2.550184755464072
2.357080175788448
3.038603192640581
2.202626751458918
2.9126242707461913
2.985563990116135
2.821640559846947
2.6599294546018326
2.9263373875910164
2.636126907793634
2.6202598095279424
3.048714038954392
2.552563927454369
2.730763594683198
2.6996226179463765
3.200424917581536
2.6486972998740943
2.4666329024028912
2.5271875496746015
3.114826721709621
2.458115615605496
2.8777692185795374
2.59920845431101
2.5040556160829324
2.3491082250495223
2.52290876709869
2.586641582756412
2.399849586664809
2.5821322230675317
2.3014024502409898
3.0903827061918667
2.461766970128144
2.968825670834967
2.744678513178285
3.014653657360511
2.575780833929051
2.353383994048984
2.436937817839605
2.574682922560687
2.830308083194394
3.204402022570734
2.71133185039655
2.7240852351897282
3.1421756876629465
2.83921642579539
2.6941408327595155
2.7858937313205985
2.706230509962127
2.652789637574024
2.647992506108845
2.3150690445160134
2.5099944998985393
2.6482512713640545
2.6588558110943903
2.3655917308294554
2.3325668135471758
2.4825832116543882
2.8100291260051704
2.7731479762778974
2.3298232633609266
2.4183385486606226
2.8798708771830377
2.8888554907653967
2.447450596411792
2.5090690870847787
2.429356036214112
2.7374342988789504
2.5879412011474643
2.6501824535964893
3.246078899327619
2.214499292740441
2.67810887265219
2.9604412595495804
2.4134089133321366
3.0138719022664917
2.5559432747618915
2.3390791397325255
2.66406163777212
2.6256711494467684
3.089841349794771
2.2532414797981537
2.9056144376230026
2.958621866679737
3.0452303379508443
2.5567761832936977
2.8727920393511615
2.6172537721293994
2.5073023603131865
2.5374179564684924
2.3981418281924562
2.442164243184957
2.6862602632972203
2.9015817474708894
3.0266699175292766
2.8189841323770564
2.7012878374826035
2.929442265352795
2.463166707511742
2.648015380070771
2.817944977711547
2.47823392524395
2.858860338231419
2.6584389209508794
2.569851332431484
2.6073649075397416
2.7692314470330177
2.777812133061331
2.893725162830091
2.3256945069281003
3.037132025510898
2.5366834448660223
2.5079007537461617
3.1467213328263015
2.5545666719448303
2.872119005019331
2.6985780531833425
2.54306522892881
2.420834503253955
2.4684007294823576
2.523618188983661
3.0095500404121207
3.0772624647048246
2.559655869588545
2.491943261377939
2.932026002916812
2.326488686244724
2.795372225020449
2.8138200246565943
2.9279958918704265
2.954706495600125
2.670596029211385
2.8340289405256116
2.273985230001201
2.800620558841514
2.8155348177054895
2.5363883759137074
2.6259275106683924
2.677166350293292
2.5486860596622556
2.551987646885416
3.166643040180774
2.691017699251534
2.7637199533049928
2.697335214923106
2.37259280893461
2.8141829204333577
2.4780610156660816
2.263920918606676
2.6910060944135856
2.7794398041728474
2.9694843070130954
2.511802124328515
3.028759733409411
2.610193703140908
2.422225086099862
2.800390177392148
2.646819322886706
2.6210822531823315
2.5187073071311565
2.821317685100469
2.534039901236823
2.661731024799666
2.551447018833022
2.547298149620879
2.436153605880622
2.534758965075034
2.394220432615499
3.02901222652831
2.9123139441919608
2.8295935747302883
2.8569653317036385
2.6449936042962827
2.9030016676490904
2.3856279294617027
2.4455291955689606
2.6355837368796
2.7506964903210536
2.394876392699296
2.806987694201643
2.743992727039284
2.556124877113613
2.706324378289415
2.5825593821821826
2.607368249615983
3.1141714677123513
2.218994707108278
2.892278677357191
2.4576834043518967
2.5390184791663355
2.4910163148277404
3.410328943665283
2.8986507040211484
2.913061419646307
3.1826310950607617
2.626627648862008
3.057775932856816
2.726679534065662
2.970288157589657
2.696552478058408
2.936527270725784
2.3878031803124715
2.577844571467725
2.7599098765238113
2.1413437021401522
3.0469040003011445
2.7250711036387414
2.4108450148849885
2.6695745255969725
2.4752985145588657
2.3466729228739607
2.152038622833988
2.868184701009627
3.0135989256144513
2.4799864547133725
2.5293869154574775
2.8475309258533033
2.7673768762952453
2.726698416903602
2.5370294446020463
2.4116749484776174
2.339766576081679
2.670247685735363
3.303875547499568
2.963602571679109
2.829976873128977
2.3505438056119274
2.390203570866172
2.537344699235369
2.6275036766217763
2.7130727463215476
2.767867518711859
2.347471934176951
2.2411357568390127
2.438711421448972
2.4811908870675223
2.348741359668253
2.484104534451268
2.8346432249716993
2.6730180331282245
2.6126736904101775
2.794450686161631
2.89455044756756
2.786160024253593
2.7679820428796713
2.9148652030815105
2.498357600580473
2.2468471634461302
2.5909389215909155
3.173829771623282
2.716365596330264
2.66698096924826
2.805186442027509
2.5681849960488954
2.662546419232249
2.498789011142696
2.6575338701936566
2.4797357729941525
2.343056325424711
2.6620467067557563
2.839683091357407
2.701176849700783
2.2506596290485823
2.8365704983561573
2.4054966055605367
2.749010700219424
2.812798528080074
2.605659760385361
2.887073024316164
2.6971478590504585
2.6316791322367434
2.4231250030418754
3.0272207451968187
2.3444488036088087
2.819379756798
2.6006479920498946
2.5886199418933926
2.7504627047334416
2.776308823124385
2.640374079996369
2.4612410969825276
3.106269041872034
2.8688447988102026
2.9023972690942363
2.5394464222056743
2.779336805573675
2.943004447852279
2.7788649295150307
3.038126918959446
2.8927779280176367
2.466767282046203
3.0530020713737396
2.551410769746941
2.8552619188721353
2.6954196611822145
2.568758946698378
2.9014936940479394
2.621851270660515
2.9945228376478505
2.590220068401146
2.90152933517658
2.87518962320461
2.755453338606696
2.5305365382400566
2.6249756934224084
2.9731190982923685
2.4536440382975506
2.4245276516850613
2.473206333908803
2.7496765873752422
2.952609546173708
2.435844739129068
2.664172717361952
2.2931818763502156
2.7228561039276364
2.919703111530966
3.105956429238538
2.4689135062331102
2.5140625770752982
3.08184729718202
2.828579616693186
3.0093897513157
3.3006296021861
2.478231972638161
2.5215089332902805
2.5293370080185933
2.359381990348259
2.81369521265855
2.834351527922644
2.7933116715087767
2.7889885833624577
2.6510160460249512
2.5458735784153577
2.7228637050495808
2.1565111942999935
2.7282066012877806
2.8054457937736617
2.5222589169452303
2.8319379359680426
2.8099894326828707
3.036485927954579
2.742035085877239
2.7874236280772804
3.5194698087241827
2.721877116749105
2.664291613472921
3.0922882615958414
2.681720522527533
2.960503340996239
2.562288520826484
2.984441966787463
2.5927054146792274
2.5304511055919026
2.6054865930715345
2.594212135586298
2.2616582871581725
2.6631679407918414
2.504822402990605
2.681658880572325
2.6145185531496082
2.6810175706508055
3.052989564299337
2.3677752260874936
2.302619024114176
2.695481765443385
2.853241368736049
2.5721677233312823
2.1634653335645284
2.764153012373366
2.617439483119105
2.6923255585445776
2.70644495251315
2.895378434186989
2.4842280964110466
2.6347567717334073
2.2161505184517845
2.9818042436847416
2.42930194920252
2.9560065515431155
2.7336486152903015
2.812741935554305
2.713031609843528
2.651179572920759
3.0884670856624625
2.7983054404779506
2.7942154798711396
2.6951948040364604
2.480561436773494
3.076597416775909
2.750770981594881
2.794368758027616
2.605328740634211
2.4478069367524893
2.5670980839675797
2.543631560454853
2.517895243136028
3.0366201946106726
2.7968295313274134
2.571757726511842
2.879972661614233
2.2873105034257692
2.452341794933556
2.6172010094389244
2.76562696421243
2.572839101619735
2.6886072465306956
2.3883773952734013
2.6175589664909653
2.4637164499985804
2.4512634882083635
2.7039106558881443
2.699559017992346
2.7223055524084216
2.8872716252489004
2.7784894993999907
2.844928535543949
2.458092531800422
2.984642181528592
2.4224198858839423
2.285964885614896
2.998606342597173
2.7410785233075097
2.455446256574948
2.8872365277085077
2.6371205904002406
2.3204633587743713
3.0195763422928286
2.499287222287034
2.431243811953811
2.545905468161104
2.882139178883291
2.4395958954379187
2.753765150726606
2.752401137197144
2.8824970733541093
2.2712428092205403
2.8315389185237474
2.454649777054747
2.5598449372306153
2.4704789208351645
2.3293311661582994
2.690902492467833
2.778372421782133
2.953680800570008
2.7260674234023314
2.889630904509259
2.4088639679193613
2.445446703628488
2.238191694081865
2.9255676137084072
3.0430862983713682
2.5378823321677846
2.2092794420931914
3.1741274421495205
2.73401348624275
2.3919109386625386
2.4510767957914235
2.4642161961912477
3.113615263034795
2.7434081141039686
2.8132653451085474
2.7030106655739417
2.5538690053046387
3.109994794673269
2.111576116382688
2.359443694220213
2.543037366832683
2.8879836574123
2.8211744504550054
3.04354533576083
2.8983995086180707
2.556586061062808
2.6111350191501552
2.7674478206067317
2.427160724811569
2.9689499146702665
2.4132949861380646
3.0650343297016915
2.1183457009677245
2.5683520095819485
2.892003102073663
2.932023828932665
3.340141689818068
2.263663826276827
2.9263924195624558
2.346663552549564
3.099049439490578
2.4808979922815046
2.260446390759942
3.069110885784997
2.0999973464877124
3.1367720087846864
2.752248830734016
2.6743396995064717
2.668824387199684
2.819064719781289
2.380555548172527
2.9865260417279336
3.2104741697400043
2.552541381241677
2.524015419811196
3.2756671316433077
2.786102169628583
2.688351095371257
2.4940963266260257
2.8075546125530724
2.384755647178121
2.7697852637472113
2.9082027311241396
2.9106302687656833
2.668754449506518
3.136629848917323
2.910098164694353
2.357487376440178
2.7669397517206686
2.7096400337911124
2.8936090733967057
2.858658475631451
2.7421278003885208
2.975270299570436
2.5576060720533302
2.616160882451638
2.8008928994929887
2.4855274964691936
2.6945460659434537
2.6083063312219794
2.7825763813581212
3.0355760144420247
3.1264765144957893
2.6718627376270176
2.8149244115077203
2.8240935519675365
2.570796464817052
2.663444572502922
2.334576710939812
2.8192327645227766
3.022013953977093
2.7919948972427715
2.86925136767211
2.7327772485381803
2.9920704869547534
3.0895055820888118
2.7281230117574573
2.486907279238448
2.5156908382138035
2.910955451164611
2.127156627851694
2.33901561556042
2.4468229367756527
2.6869607231037747
2.6034674999664777
2.47601273359919
2.621099662095294
2.7392847050792306
3.087507592144294
2.673129749038061
2.432434048973454
2.3657101475115287
2.8592177275741317
3.03609086869703
2.58852094130978
2.9335841663236413
2.917968000107089
2.694796156358725
2.7745852327338865
2.826415122212267
2.4969855621592902
2.918029907824633
2.8154128055519116
2.7300193266245802
2.5993454867303547
2.260560751202068
2.516394373061425
2.4229586525429716
3.0516650146625848
2.9345266154553267
2.8292424528289493
2.440174476983743
2.7141339440765733
2.462824285413894
2.5096689678978867
2.9873719713664038
2.646767581267256
2.5946222490588133
2.671825185804783
2.912007145684365
2.8756092410582808
2.7741112339414666
2.66810435653987
2.91057357230846
2.6438189253568485
2.3019096115858466
2.740591638077161
2.493445265743199
2.4984636324820144
3.0205610226235784
2.861078981500421
2.719158383188975
2.7914093322233224
2.5274924242198584
2.345918206614478
2.361195303587568
2.7461021831258905
2.8379539108805925
2.534825909537764
2.718804748202956
2.631841975517228
2.3129063502877485
2.3368801827949786
2.7006155903989746
2.805472336730485
3.0831858506276397
2.6556936871446997
3.046692250187669
3.032171536115495
2.923762616386245
2.689931724014947
2.3550760457729596
2.6053642952038336
2.3908910604335034
2.2326832417234233
2.213313524129455
2.627057596942025
2.9559055463688213
2.6037154192431715
3.0670025987645158
2.868802558671208
2.6678491357152803
3.019452249690814
2.859976433619493
3.209042903692427
2.527266386004264
2.8953971867818837
2.743446193539177
2.713388299486717
2.8758289175974574
3.1894779424569633
2.9718387632102283
2.805200983983826
2.9266520464778445
2.960987940242445
2.4747277841135995
2.4869966624909647
2.922092284937978
2.832113367449382
2.730939405340642
2.9342766030716123
2.7073952835906763
2.886635302013527
2.7249938840593897
2.7192530538154873
2.4087501778238063
2.791214920236826
2.7481590612222524
2.754606877217756
2.6795990741787663
2.5005118356712677
2.6291726904539963
2.9465898387645115
2.5971619964507147
2.500167411005001
2.460724898706494
2.395659976492616
2.8643554592760925
2.7311178222252552
2.609404263256627
2.686622457828265
2.4719605350577547
2.674142075504925
2.6091929143166923
2.7218644168000927
2.6578815975813974
2.402593776316039
2.2884515772067355
2.4936495462376294
3.0786181007362563
2.7610348139091756
2.5936825692671683
2.591070944349134
2.420620083060182
2.645870791885792
2.9354388258699857
2.420974400346775
2.791660283491918
2.9849582792606517
2.6362358568650572
3.14961001077365
2.714734647498574
2.475042701546205
2.438536255223894
2.6404981844750983
2.792541836850794
2.4493271647283894
2.4026332718898
2.3138363187822932
2.8648302876678264
2.7156827783073676
2.551003834647103
2.4204479295290304
2.3207336851560303
2.4110496547646756
2.746099813847905
2.9335430409803425
3.0377219769094608
2.505424725724627
2.2764788449213444
3.295037304425218
3.0726904082545268
2.174815781381299
2.5162396816639347
2.5056956984730414
2.992051069898874
2.9807207228182437
2.8659212219225116
2.91784106962936
2.8300314589315922
2.5295481839575387
3.263822145803548
2.9770228322387124
2.3280835597195653
2.7383915731341557
2.5731378033176693
2.6909343253598723
2.0988049709615355
2.9200232515451585
2.550578097353959
2.7651419421204646
3.261581747948461
2.6730740291513104
3.1301817690707274
2.886970526840818
2.3961619931900087
2.7550622923398187
2.4355636126047715
2.6531859514478304
3.106588071419232
2.932766599607072
2.890741455992733
2.4303946324174923
2.4389249320193596
2.526652177508084
2.6550185960321633
2.4215005286714275
2.555242643031661
3.2922283224630267
2.9640375340837872
2.3884748515763152
2.3883429543582313
2.6200771852440936
2.42923091365687
2.251105895061693
2.0996150318301576
2.6029248820639097
2.214103472312658
2.5607410632394427
2.6477795744511963
3.2552215795477024
2.981279971113018
2.4758759954121325
2.36607292846293
2.61017233811115
2.6568694649580173
2.5820468866670754
2.753937626527233
2.838196992125826
2.8187073919967287
2.758445888109467
2.4261476126260173
3.025778651689342
2.472504756612537
2.5480331198807313
2.8559500608280044
2.510074093369036
2.842510313107589
3.130594204168829
2.328624522546431
2.813121919164203
3.3320772535550733
2.9953309511268458
3.04563336694616
2.6169272772761114
2.5072004302455815
2.7473940498950977
2.535671116830046
2.9164865764504757
2.575477122186899
2.613020246037428
2.62903999480423
2.6022870048805657
2.665407089409542
2.564113381589972
3.008606344347352
2.2103201922992173
2.548914747340878
2.5995189972420283
3.151898051376263
2.8126185218463027
3.1529698216972535
3.078969714807369
2.7117442910531944
2.6758921407502676
2.942143792918862
2.515230216934809
2.915687397593365
2.144018107375538
2.5822528946198133
2.167327872648823
2.5839032310894505
2.8806797639714965
2.689534083434796
3.013500964184864
2.638448503726256
2.58762793809178
2.422807841781564
2.7582891909713405
2.9211797783303934
2.5632672820809446
2.542789538486345
3.1494012890185186
2.9123632473485843
2.558103522854516
2.884707082871287
2.6114755608117886
2.9032813387708694
2.91853927291693
2.59093256610037
2.31719209303927
2.929490398758588
2.4240060585354817
2.8977265090324025
3.046404158494562
2.88740146880572
2.4657709881926264
2.7914946569440344
3.0107767630127285
3.0587357752112774
2.7288126945339544
2.555427161223414
2.666766965413037
2.79325055167896
2.995791512931163
2.8805403821376006
2.3947870623701317
3.142332776793301
2.6342328727437643
2.8537037375941443
2.754117451437885
2.937862626269439
2.695592691506317
2.584747377565272
2.3604855049004096
2.8117208431550305
2.6980861117228443
2.749421557730968
2.322561947256563
2.832658248986568
2.6420599861104477
2.4806652617098415
2.6135434523210104
2.780644962450154
2.511597860573038
3.294322461106318
2.539380591346945
2.578261531197908
2.335108372252653
2.4995398368410275
2.3788195569360573
2.3860010725851146
2.5832136054495676
2.7220113362179195
2.453288925468326
2.77778173958852
2.544637253677805
2.120113832149769
2.866213937963656
2.7998022444037898
2.9643322734248896
2.667859958592745
2.9023344208191153
3.002888647423133
2.4692938166625957
2.655738593865279
2.7253875012157063
2.6357275007306447
2.532028803238984
2.665979665857231
2.6634497570388627
2.7448006734012584
2.4636301850981233
2.717510346796158
3.388117332080327
2.9085373512415744
2.8042919139932856
2.7976705756903906
2.6507788624828668
3.310631732261243
2.4866817702758564
2.462118124755878
2.3644108087570035
2.9306558638414564
2.552281327352991
2.6402666731112165
3.055997023479046
2.6292528265952737
2.9937709066034985
2.788616568223615
2.7308213626442908
