2.48237654566765
2.48204628240179
2.48155010077688
2.48144232564502
2.48116554816564
2.48069185515245
2.48015418427962
2.47969954764401
2.47940865103845
2.47891471948889
2.4784869402647
2.47817707392904
2.47802929580212
2.47750091331976
2.47699366068398
2.4768393508814
2.4766645597087
2.47627931612509
2.47621323168278
2.47605181678578
2.47596829356971
2.47549562928853
2.47506700235384
2.47480151829896
2.47453408991849
2.47426233302664
2.47393614550432
2.47368060052395
2.47352082641036
2.47322355155592
2.47320871993347
2.47298944879461
2.47314318241896
2.47315229917014
2.47305214625818
2.47306697180978
2.47332263820701
2.47342328837624
2.47339044897645
2.47351143040039
2.47363544834985
2.47373071919989
2.47369873137386
2.47379506682908
2.47382532170525
2.47379583009967
2.47383490591137
2.47389050324758
2.47395263998597
2.47410664348691
2.47408390431492
2.47416163925771
2.47415437742516
2.47412369372668
2.47437034105813
2.47451448495741
2.47488063187511
2.47511269428112
2.47521215456503
2.4755473445963
2.47579344665563
2.47581602798568
2.47589056856102
2.47599007465221
2.47598297728433
2.47598464676627
2.47586185678288
2.47589631378651
2.47587793127254
2.47600504535216
2.4760332742223
2.47591977814833
2.47574829061826
2.47601716275568
2.47594203110094
2.4760243108979
2.47615299070323
2.47600441398444
2.47591333036069
2.47573579737434
2.47567311701951
2.47545015370404
2.47511765416022
2.47465813325511
2.47429250070342
2.47384556962384
2.47329571953526
2.47272356185648
2.47230373819669
2.47203868517169
2.47161457052937
2.47081423633628
2.47032683535858
2.46965806517336
2.46922498113579
2.46869098919409
2.46823252020059
2.46754201418824
2.46690093698325
2.46638241189497
2.46550754982012
2.46464004560753
2.46384207076497
2.46291057048021
2.4618625337327
2.4609228035918
2.45991255894855
2.45898505217499
2.45779493451118
2.45686749175743
2.45579918004848
2.45480436086655
2.45386008863096
2.45278121806957
2.45158751198539
2.4506099505557
2.44954340325461
2.44848022968681
2.44759324468948
2.44662321717651
2.44577787540577
2.44477993746599
2.44383161873729
2.44278534529386
2.44180909075119
2.4409099706897
2.43992754154735
2.43897545503245
2.43782749440935
2.43681401290275
2.4359443894139
2.43510907391707
2.43399992143666
2.43306684549208
2.43234233999694
2.43144101732307
2.43075661195649
2.42970120796451
2.4287629712511
2.42795684878473
2.42672096248026
2.42586740520265
2.42497297128042
2.42384169719837
2.42272379608066
2.42162364666109
2.42048905017199
2.4194943982142
2.41850207746029
2.41739302211338
2.41633594974324
2.41517547821557
2.41433681547642
2.41336973784146
2.41248365132897
2.41181563999918
2.41108962893486
2.41047053922106
2.40990789234638
2.40924598773321
2.40866324305534
2.40776487412276
2.40697817780353
2.40620883692194
2.40545284858456
2.40456956569795
2.40379858734431
2.40294356092259
2.40219073494275
2.40145914256573
2.40068695114719
2.39985330071714
2.39902564883232
2.39824919402599
2.39743177923891
2.39661464095116
2.39554973829676
2.39475286393254
2.39393687524177
2.3929942123316
2.39186700847414
2.39069941750279
2.38940193310932
2.3879841119051
2.38664495061945
2.38520357343886
2.3836934119463
2.38237184562065
2.38092434019954
2.37944581663167
2.37786771522628
2.37656108759068
2.37485886723907
2.37326406604714
2.37182813938017
2.37021541319512
2.36845317427759
2.3665925214688
2.36481416666949
2.36299317799233
2.36093151955693
2.35879601096665
2.35671079600299
2.35444792001336
2.3520880004874
2.34980175175049
2.3472965878469
2.3448311669959
2.34234161785355
2.33993584469513
2.33755403867474
2.33512643973033
2.33287127591946
2.33074705357905
2.32851332757208
2.32657967838976
2.32469768325488
2.32291839464947
2.3212105880181
2.31942635443476
2.31777425938182
2.31599269972907
2.3142685862603
2.31261411309242
2.31094958329642
2.30935052865081
2.30786683106864
2.30647662171611
2.30502270824379
2.30373703329651
2.30241920219527
2.30107607720075
2.29989777946914
2.29865395746849
2.29748066983841
2.29631471026827
2.29522975782553
2.29419554604424
2.29314817598572
2.29234936336676
2.2915450654648
2.29045473535856
2.28934244756345
2.28829979013514
2.28729521124451
2.28608188695378
2.28487172281301
2.28386664004238
2.28262363594991
2.28146371300574
2.28029555468648
2.27923017850629
2.27813151258009
2.27681832401841
2.27560941212707
2.27424541446898
2.27281205963205
2.27104611198107
2.26943881478575
2.26785176274953
2.26615062742322
2.26423531549948
2.2622114215736
2.2602401541339
2.25796573305572
2.25565642063264
2.25365752202493
2.25166088397856
2.24941082685082
2.24721406289825
2.2451156410906
2.24296473132239
2.24086343469443
2.23880245012266
2.23692460854848
2.23488414508325
2.23287788861328
2.23117487463686
2.22962009354874
2.22802173649823
2.22671627280889
2.22510654617239
2.2235174410873
2.2220231614731
2.22052278838776
2.21898723862789
2.21731459487368
2.21553613024729
2.21386640546498
2.21211802407547
2.2104469107257
2.20859850391194
2.20682309678307
2.20517129257873
2.20344735295684
2.20168208910359
2.19986179691774
2.19811608449176
2.19638296685837
2.19462902402436
2.19272006109909
2.1908299078544
2.18871515878925
2.18677828488526
2.18498397535748
2.18295510775513
2.18081473200409
2.17880710959434
2.17666377458307
2.17420988612705
2.17154120736652
2.16852436849365
2.16543197024752
2.16217609301761
2.15847499227082
2.1546787696856
2.1508373612607
2.14721986872179
2.1436955227896
2.14023526123276
2.13694846519717
2.13388702328558
2.13095971941948
2.12840346826447
2.12592995773863
2.12354076791693
2.121390911716
2.11946109378779
2.11763228144911
2.11599685030955
2.1142818381389
2.11266207529439
2.11105608553798
2.10959236986107
2.10816153939124
2.10678797960281
2.10541822844081
2.10411659766127
2.10290798489694
2.10154278741942
2.10017926659849
2.09876899752352
2.09750972412251
2.09624314804872
2.09484254044515
2.09346892408751
2.09217592770303
2.09084202569944
2.08946242349015
2.08805668629982
2.08672759847509
2.08527220923592
2.08367895721285
2.08209642767906
2.08065865188837
2.07897667228072
2.07729718696188
2.07550666039741
2.07369615303145
2.07182639230181
2.0697952931126
2.06771610208132
2.06540527443091
2.0630529017912
2.06073631649768
2.05827549458654
2.05580003228452
2.05337705904687
2.05101498188796
2.04862368051653
2.04615338257065
2.04364187435971
2.04118857339576
2.03854870189119
2.03639741628258
2.03444951607121
2.03296575943629
2.03149437490437
2.02991308630617
2.0282956590807
2.02663253799633
2.02501115258093
2.02359381456066
2.02233104104245
2.02100295628662
2.01971415651065
2.01870065237637
2.0175727520276
2.01660606789368
2.01562190414579
2.0146067150765
2.01341399302085
2.01241485636543
2.01122606242145
2.01008533355263
2.00909887916512
2.00801024061662
2.00700254489978
2.00596735654054
2.00483075915663
2.00358468349333
2.00244483958792
2.00090857457232
1.99942910036555
1.99817626178265
1.99685716187512
1.99542785877431
1.99417132470343
1.99305236174001
1.99168709168832
1.9901808279532
1.98879908163238
1.9872370933493
1.9856246188283
1.98384077598651
1.98209655284882
1.98015096121364
1.97824740878962
1.97643158943565
1.97492980487921
1.97325571240098
1.97139718466335
1.9696691348045
1.96799370867235
1.966093690583
1.96431391161901
1.96244298804689
1.96049697586784
1.95868620497209
1.95702094336351
1.95545377582312
1.95377410837898
1.95176524724121
1.94998624203382
1.94809521817499
1.94575960740999
1.94296958187112
1.9403955390056
1.93924255365575
1.93849833806356
1.93742652540957
1.93590944646685
1.93428597074968
1.93258997908345
1.9310509659074
1.92906416787042
1.92684106749517
1.92470639502561
1.92302619141561
1.9218013614968
1.92048449014072
1.9190518602177
1.91739114042785
1.91554077190382
1.91353384819296
1.91120324477001
1.90837727790629
1.90644294051109
1.90521636301721
1.90401630876241
1.90233274880383
1.90050529688597
1.89822748579361
1.89606143727347
1.89423833759847
1.89270602608169
1.89088623142905
1.88881888130197
1.8866503884395
1.88441045278752
1.88151784544742
1.87864081423592
1.87707713991404
1.87621749468424
1.87432354164344
1.87205772598584
1.86987495863879
1.86776798908357
1.86572279174019
1.86350627243519
1.86117153669949
1.85807034842394
1.85478395416781
1.85203342139721
1.8500762021652
1.8481762216047
1.84738147258759
1.84640881805508
1.84477645296741
1.84254820479287
1.84019320540958
1.83775086011048
1.83488141138245
1.83208702145903
1.83007177793317
1.82820512989053
1.82601100399538
1.82348949351796
1.82093520407324
1.8176352456212
1.81392268339793
1.810729223269
1.80772418087279
1.80403712336664
1.80040828304158
1.79711625531868
1.79325201555535
1.78750080284145
1.77782630285731
1.76470952756979
1.75907206286987
1.76416676574283
1.76370809834313
1.75426048288743
1.74025736390441
1.7274431274445
1.71893399760679
1.71236013069197
1.71311234544825
1.72996765927032
1.74850321671477
1.74964790184189
1.74327528311147
1.7372165242279
1.72570536837534
1.69894131686952
1.66557698558878
1.64157333307796
1.61680214024252
1.58587791660318
1.54900019781457
0.968806696365829
0.985192169676776
0.993030898341978
0.976809539245786
0.90794305379192
 
