0.002469417766055
0.002468072117586
0.002467289019913
0.002467361372989
0.002468340174513
0.00246761991295
0.002467403348798
0.002468278856315
0.002468410498307
0.018674071516715
0.019900866092486
0.019907016438207
0.01991817335559
0.019906806882656
0.019910507954029
0.019920323003198
0.022018505190482
0.022012142029153
0.022025946940268
0.022017123002135
0.022018096186315
0.022013778926646
0.021884979670051
0.021882006240022
0.021872042094942
0.021865412023692
0.016680101511842
0.016679488843133
0.016672508118128
0.016660839045888
0.016671475344261
0.014618725732059
0.014622096191391
0.013269278724899
0.01326163583011
0.01305716027851
0.013017254215646
0.013058281968077
0.013089805834202
0.013005087923673
0.013198064573108
0.013322914319186
0.013364710677887
0.013526607857308
0.013611024031343
0.013600796297701
0.013507052402799
0.013406638836668
0.013135772878063
0.012758924466088
0.012139437002925
0.01138625246802
0.010491647325052
0.009287786294852
0.00793668841249
0.006383984231832
0.004716993148134
0.002978978391908
0.001328074047397
5.59944376025634E-05
0.001202678459866
0.00230612628996
0.003447475599109
0.004605422959738
0.005761741316498
0.00686213330987
0.007859919868535
0.00876601266637
0.00958598337413
0.010281079508222
0.010868918750662
0.011308388341719
0.011669145243762
0.011988035560506
0.012270463929139
0.012583029655125
0.012906462517116
0.013197347304613
0.013452631398658
0.013690342432065
0.013933563861157
0.014234884079755
0.014579505710933
0.01494107113141
0.015304932843852
0.015601949462333
0.015884173885153
0.016187336241955
0.016478174513758
0.01680058618529
0.01711707414642
0.017438178242185
0.017820830496281
0.018225791926363
0.018554180845428
0.018720478691169
0.018748005040677
0.018828549631668
0.01896583810656
0.019203183452186
0.019420640089459
0.019624925044313
0.019799335191298
0.0199210388857
0.020039539062974
0.020176337883688
0.020270865783958
0.020383821515817
0.020401238816719
0.020398229282311
0.020349150022635
0.020306204975039
0.02032004284273
0.020437000040222
0.020602771446031
0.020801106817873
0.02098812156628
0.021220777535196
0.021498101856664
0.021827158439641
0.022166851869457
0.022608227190695
0.02313182099533
0.023706229752704
0.024133034323966
0.024345876116123
0.024488095187594
0.024677640238483
0.024980806486943
0.025514249168665
0.026102423199544
0.02679095304478
0.027431592341959
0.028128111806904
0.028913375037613
0.029762771042688
0.030728708410568
0.031679808492821
0.032504655038649
0.03322140631912
0.033804646906149
0.034394015510236
0.034932374203971
0.035399569101787
0.035808116249109
0.036203715142663
0.03664734759659
0.037175821933275
0.03767384361869
0.038152516480361
0.038462508767121
0.038845898787538
0.039199297497962
0.039595695364299
0.039955516925141
0.040360916705807
0.040717731028547
0.040917237201795
0.040907442826072
0.040699844750437
0.040386794892302
0.039861183171283
0.039347715665836
0.038979618414364
0.038626311888853
0.038360350749771
0.038057194142512
0.037827046032469
0.037607298832928
0.037553900316612
0.037507362470789
0.037462269229953
0.037362345260776
0.037261964575211
0.037064364019764
0.036818864258163
0.036404680172475
0.035794200377365
0.035053062301439
0.034159613102337
0.033237119004448
0.032247045711557
0.031285127058184
0.030375691507427
0.029544888962297
0.028744859372343
0.027924608443804
0.02693781730253
0.025812359787847
0.024532676084652
0.023210798928682
0.021850140070451
0.02059231930501
0.019558565867742
0.018749869717266
0.018061032005281
0.017295400784033
0.016425655816267
0.015489058976696
0.014570317155609
0.013603560861594
0.012654197374632
0.011667625253233
0.010745779384925
0.009935500919455
0.009293891408769
0.008614532740745
0.007825505013384
0.007082365577417
0.006377076333441
0.005742530876985
0.005016007537537
0.004234706770791
0.003438332518681
0.002763812409395
0.002219702175876
0.001778869609789
0.001463680702795
0.001270220922236
0.001125348349658
0.000977383588583
0.000764383641127
0.000499626360159
0.000257901514813
5.04046870674252E-05
0.000119819926827
0.000281817656666
0.000507136457671
0.000807173001388
0.001121205805117
0.001484902082931
0.00165853728423
0.001643733948643
0.001478842211401
0.001216647906252
0.001060277712957
0.000994982221611
0.001092359605324
0.001255897486844
0.001471559354737
0.0017680711894
0.002108432486487
0.00238769972753
0.002597178776629
0.002836365901597
0.003039405081682
0.003217517828344
0.00340078441993
0.003439281510852
0.003331418826665
0.003077209032823
0.002673435881637
0.002163183753872
0.00160107375192
0.001184304229908
0.000892903573581
0.00067819669214
0.000772888256325
0.000948804748999
0.001280220469142
0.001579222240107
0.001571299336104
0.00166149298381
0.001584562219183
0.00153340157124
0.001535876020623
0.001437624706437
0.001316022819192
0.001105630901824
0.000919638389861
0.000944927033167
0.001004311683577
0.001289131763104
0.00169126830208
0.00201523920272
0.00220433229249
0.002218918117327
0.001934127012104
0.001523437881217
0.001064057935226
0.000509862077403
2.99463685892889E-05
0.000398427359999
0.000753309003192
0.001049632110484
0.001310649623985
0.001570610788324
0.001858933120563
0.002256990702911
0.002689063970452
0.002948808314434
0.003188052108433
0.003280904913792
0.003243188149018
0.003303165422474
0.003386817136714
0.003455337829419
0.003454658893684
0.003552978760167
0.003670151526748
0.003968090043925
0.004394508765891
0.004789536586581
0.005121997882973
0.005393064557539
0.005524718483231
0.005581905810822
0.00569350955202
0.005787174057418
0.005914662029147
0.006052541551618
0.006102055276081
0.006153678843513
0.006076833699547
0.005907088108546
0.005630137650692
0.005254163337148
0.004705088052326
0.004291705791975
0.003813975702967
0.003444697333723
0.003515209095428
0.003563578675899
0.00370342430209
0.003840565722573
0.004071275136504
0.004277131209832
0.004516476723946
0.004749651173332
0.005069679167533
0.005474388211525
0.00566491022877
0.005684613806107
0.005617219943872
0.005246500665223
0.004878237426749
0.004337743482268
0.003521302958634
0.002690090127441
0.001464705253062
0.000471270612517
0.000430152960276
0.000951039950381
0.001343895566143
0.001476198856372
0.001319753415431
0.001099062204995
0.000739035664516
0.000600438634494
0.000555551389018
0.000658273823553
0.000675626415189
0.000800001448764
0.000796764548956
0.001272015040072
0.001643720321647
0.002139074149463
0.00272467581776
0.003245734505635
0.003900451357869
0.004465158315763
0.005000921996439
0.005575114997531
0.005994294234411
0.00640304976753
0.006677663701285
0.006713436765866
0.006584553228157
0.006327458070511
0.006088600446476
0.006016382447241
0.005655602872262
0.005468550224938
0.005495374051033
0.005493433897639
0.005661361645243
0.005371910706466
0.005369155489365
0.004719800878628
0.004119291537821
0.003630568170907
0.00334668121976
0.003225510690707
0.002986127212013
0.002611471629359
0.001951760550493
0.00096117978697
6.06173785808788E-05
0.001019085117377
0.001497835141424
0.00239934441981
0.00351618037739
0.004049661798246
0.003871635309943
0.002823909871951
0.001834060853903
0.000381181422693
0.001818841864237
0.004534670618129
0.006476740968719
0.00797674419902
0.009182415639021
0.011004598578676
0.013600659611965
0.016453220699209
0.018510326373395
0.019638335909046
0.020031045266915
0.019090752728415
0.018031799604015
0.016137270694171
0.014225197504475
0.012150511282213
0.010136251386436
0.007815755136768
0.005687409989877
0.00369235999254
0.002425726550694
0.001843087761166
0.002219952003276
0.002874789979822
0.003842943773255
0.004612930260824
0.005394642174158
0.005935785415941
0.006522197010165
0.00679729836741
0.007061120747906
0.007036670249411
0.006942328670851
0.006221535631989
0.004897462474597
0.002732527729395
0.000174264596729
0.002539070442085
0.004736258466917
0.006156745026821
0.006557741021617
0.006026608646751
0.00497733860198
0.003847467660893
0.002709312666189
0.001594992920641
0.000513977636028
0.000517859001069
0.001183459809006
0.001599781740837
0.001460466495588
0.001084808544178
0.000229889916744
0.000908462138322
0.002376023107514
0.004183281282272
0.006162503239488
0.008366775693313
0.010260913681961
0.011781867903499
0.012532629488094
0.012681112504179
0.012376533368847
0.012142869751543
0.011874281044469
0.011370186703274
0.010515311668783
0.009315706726774
0.008206518108316
0.007674075974663
0.007533904991953
0.00773329267596
0.00798098052678
0.008075666046397
0.008187021754921
0.008633387752986
0.009581210967357
0.010873782674004
0.01206670350642
0.01303728932465
0.013693914173127
0.013846341747112
0.013764837821824
0.013465610963788
0.013186379978119
0.012834569669908
0.012560904600169
0.012334009503375
0.012233651827387
0.012249997154366
0.012463742022774
0.012576497606704
0.012810138316199
0.012895587513841
0.012951206905077
0.012785064454769
0.012573599527386
0.012371557873967
0.01246150564567
0.012674066794999
0.013023725470527
0.013372865460339
0.013629158898278
0.013648063449602
0.013483043349295
0.013359976953136
0.013524943257994
0.013827130878683
0.014035264249528
0.014229742332763
0.014251209392372
0.013910015115052
0.013487986714615
0.013171712330902
0.013684656971093
0.013916374663205
0.012774313874085
0.008404434373502
0.002335046079934
0.004018466158268
0.006976260555583
0.008406685696025
0.007148648457037
0.005160785865575
0.002448803796302
0.001799640843459
0.000735904065115
0.001073050672361
6.87996839786201E-05
0.000363601518218
0.002070150639725
0.007327399649742
0.005719043013396
0.004738333639598
0.011347108994664
0.011117854195429
0.010926123025962
0.010830208006183
0.009682450121006 
